0.0391
0.04
0.0435
0.0113
0.0312
0.103
0.0734
0.0377
0.0187
0.0188
0.036
0.0177
0.047
0.0193
0.0151
0.0149
0.039
0.031
0.049
0.0193
0.032
0.0087
0.0112
0.032
0.0052
0.0073
0.018
0.065
0.032
0.074
0.057
0.034
0.0175
0.0197
0.079
0.028
0.078
0.064
0.05
0.125
0.0099
0.0728
0.0759
0.0115
0.0086
0.0089
0.0126
0.043
0.067
0.01
0.097
0.029
0.0185
0.0159
0.0136
0.027
0.073
0.0139
0.075
0.0671
0.0183
0.0078
0.0109
0.0107
0.0116
0.0453
0.125
0.143
0.054
0.0898
0.028
0.0245
0.0156
0.0155
0.093
0.0088
0.0107
0.039
0.0113
0.0467
0.036
0.056
0.0106
0.053
0.023
0.042
0.0481
0.0447
0.055
0.0172
0.05
0.0818
0.0451
0.0172
0.019
0.0128
0.0132
0.0147
0.0158
0.057
0.052
0.0524
0.05
0.0178
0.0759
0.067
0.053
0.0095
0.0669
0.0243
0.0417
0.024
0.0462
0.0404
0.0256
0.0039
0.0197
0.0386
0.032
0.032
0.0653
0.037
0.052
0.0775
0.0405
0.04
0.0166
0.0248
0.0055
0.0137
0.0213
0.0061
0.0101
0.027
0.0417
0.0176
0.038
0.0661
0.0119
0.0504
0.0351
0.0153
0.036
0.0145
0.0163
0.0231
0.0749
0.0542
0.0073
0.027
0.031
0.0279
0.0161
0.0183
0.035
0.0165
0.0148
0.03
0.03
0.0949
0.0147
0.0083
0.1192
0.058
0.148
0.1659
0.0915
0.182
0.051
0.0297
0.0884
0.159
0.043
0.586
0.086
0.063
0.0412
0.0982
0.158
0.0118
0.0542
0.0266
0.4876
0.0327
0.1122
0.027
0.0164
0.0974
0.0557
0.0158
0.0794
0.0869
0.0439
0.0114
0.0796
0.0171
0.1243
0.0722
0.0248
0.05
0.0181
0.1038
0.0605
0.0058
0.085
0.1355
0.0746
0.04
0.099
0.05
0.1273
0.0394
0.039
0.137
0.086
0.102
0.027
0.1112
0.1796
0.052
0.0937
0.0929
0.0748
0.0298
0.1207
0.0587
0.0079
0.0601
0.073
0.1643
0.1171
0.0799
0.0724
0.039
0.0158
0.0199
0.041
0.0342
0.047
0.052
0.0773
0.0554
0.032
0.035
0.0162
0.044
0.049
0.035
0.052
0.035
0.052
0.046
0.032
0.036
0.034
0.0457
0.05
0.031
0.0128
0.038
0.0378
0.022
0.033
0.1005
0.0454
0.0301
0.0528
0.026
0.0561
0.028
0.0209
0.0507
0.1911
0.0957
0.0613
0.0334
0.079
0.1032
0.061
0.0684
0.0173
0.0165
0.0424
0.039
0.012
0.0361
0.047
0.086
0.1105
0.052
0.0764
0.0928
0.043
0.0423
0.05
0.023
0.0508
0.053
0.034
0.043
0.062
0.0449
0.0104
0.0293
0.044
0.021
0.042
0.0114
0.0588
0.052
0.0452
0.0194
0.0423
0.0178
0.018
0.0448
0.0191
0.023
0.038
0.0338
0.0607
0.0535
0.042
0.053
0.0553
0.0153
0.043
0.0842
0.0167
0.0177
0.069
0.033
0.0032
0.0048
0.0101
0.0545
0.0116
0.0573
0.0499
0.048
0.0148
0.011
0.0416
0.0084
0.0159
0.0084
0.049
0.0108
0.0279
0.0616
0.0199
0.027
0.0105
0.0068
0.044
0.0199
0.039
0.0097
0.006
0.0239
0.058
0.0123
0.0148
0.0365
0.0051
0.0697
0.0114
0.0129
0.052
0.0479
0.046
0.0523
0.05
0.043
0.03
0.0718
0.0385
0.0162
0.0181
0.0088
0.042
0.034
0.0442
0.043
0.03
0.0369
0.023
0.0496
0.073
0.019
0.0123
0.0114
0.0066
0.044
0.0722
0.047
0.018
0.0164
0.0542
0.052
0.059
0.0539
0.0156
0.008
0.029
0.0049
0.042
0.0442
0.0365
0.0158
0.028
0.0115
0.025
0.035
0.0312
0.04
0.045
0.037
0.086
0.0077
0.0123
0.055
0.0469
0.032
0.043
0.0387
0.0176
0.0168
0.0066
0.0363
0.0476
0.0541
0.046
0.0258
0.045
0.026
0.048
0.027
0.0126
0.0098
0.021
0.0064
0.032
0.0227
0.138
0.017
0.0262
0.016
0.0078
0.0111
0.0087
0.0915
0.0129
0.1486
0.0509
0.0774
0.0078
0.0658
0.0467
0.041
0.0152
0.0173
0.0193
0.0132
0.0135
0.0158
0.03
0.0192
0.0125
0.0048
0.0196
0.0122
0.0067
0.0111
0.0139
0.0181
0.008
0.0622
0.0113
0.0191
0.0437
0.0822
0.0094
0.0576
0.0072
0.0419
0.051
0.0057
0.0266
0.029
0.0176
0.0052
0.0619
0.0089
0.044
0.0192
0.036
0.026
0.014
0.025
0.0184
0.06
0.0262
0.0445
0.0316
0.0546
0.044
0.019
0.0095
0.045
0.035
0.048
0.025
0.044
0.049
0.0174
0.0091
0.0153
0.039
0.041
0.0345
0.0139
0.0139
0.0187
0.04
0.0071
0.0104
0.024
0.033
0.0098
0.021
0.0508
0.046
0.034
0.043
0.0178
0.0138
0.037
0.0139
0.0469
0.0072
0.06
0.0227
0.0046
0.024
0.02
0.046
0.041
0.0422
0.0238
0.04
0.0561
0.033
0.0196
0.042
0.0138
0.013
0.0261
0.0159
0.0055
0.0134
0.0197
0.049
0.03
0.019
0.0303
0.0085
0.0268
0.0199
0.019
0.025
0.045
0.0082
0.036
0.025
0.0163
0.008
0.025
0.012
0.0032
0.032
0.036
0.02
0.034
0.0113
0.045
0.0113
0.038
0.0579
0.0071
0.0184
0.028
0.0166
0.0114
0.0084
0.0303
0.029
0.029
0.0174
0.0508
0.041
0.036
0.0099
0.0151
0.025
0.027
0.0165
0.032
0.0114
0.0124
0.0177
0.012
0.0071
0.019
0.0052
0.0157
0.0206
0.0151
0.0178
0.0144
0.0152
0.0088
0.0101
0.0062
0.024
0.0111
0.0138
0.0184
0.026
0.0156
0.0149
0.0118
0.0187
0.012
0.0158
0.0055
0.031
0.005
0.009
0.0182
0.0184
0.0196
0.0094
0.0172
0.0182
0.0128
0.0124
0.0085
0.0186
0.0063
0.0135
0.0186
0.0053
0.0115
0.0116
0.0091
0.044
0.0156
0.025
0.01
0.0164
0.0187
0.0131
0.0153
0.0063
0.0175
0.0105
0.009
0.0104
0.0182
0.026
0.0323
0.045
0.0149
0.043
0.0154
0.0364
0.0108
0.0458
0.0147
0.0143
0.0284
0.026
0.0098
0.035
0.047
0.044
0.0579
0.067
0.0168
0.0029
0.029
0.018
0.0175
0.047
0.0114
0.0106
0.005
0.0173
0.0031
0.0115
0.0073
0.0082
0.0042
0.0137
0.0142
0.039
0.265
0.0043
0.0125
0.0069
0.017
0.0088
0.0168
0.0035
0.0013
0.0091
0.005
0.0078
0.03
0.03
0.0113
0.0064
0.011
0.034
0.015
0.043
0.0137
0.038
0.0188
0.0161
0.019
0.033
0.0047
0.03
0.019
0.033
0.032
0.027
0.039
0.0115
0.03
0.021
0.0039
0.0126
0.0146
0.0141
0.0123
0.0051
0.0058
0.0079
0.0065
0.0333
0.033
0.0169
0.006
0.015
0.0115
0.0081
0.0182
0.045
0.0141
0.0154
0.0078
0.0336
0.0087
0.0116
0.0193
0.0375
0.0138
0.017
0.019
0.025
0.018
0.0116
0.0176
0.0079
0.0194
0.016
0.0095
0.0042
0.0095
0.0155
0.0139
0.0067
0.039
0.0138
0.0142
0.0043
0.0087
0.0034
0.0177
0.0148
0.019
0.0134
0.004
0.0064
0.0103
0.0119
0.0099
0.0094
0.0053
0.0071
0.03
0.0089
0.0145
0.03
0.0063
0.0129
0.0031
0.0039
0.0054
0.0043
0.0147
0.005
0.008
0.0038
0.0069
0.0087
0.029
0.0058
0.012
0.0147
0.0197
0.0113
0.023
0.0153
0.0042
0.0083
0.0151
0.025
0.0173
0.0161
0.015
0.0108
0.0089
0.0116
0.0111
0.0095
0.0535
0.044
0.0037
0.0258
0.0117
0.0134
0.0153
0.015
0.0047
0.0105
0.0048
0.0067
0.0052
0.0032
0.0389
0.0177
0.0103
0.0083
0.013
0.007
0.0009
0.0032
0.0023
0.0114
0.0183
0.0272
0.0138
0.0146
0.0144
0.0182
0.0099
0.0069
0.02
0.0101
0.0151
0.0121
0.0102
0.0036
0.0118
0.0042
0.0032
0.0031
0.0136
0.0038
0.0146
0.0118
0.0187
0.0088
0.0051
0.0084
0.0166
0.0103
0.0041
0.021
0.0061
0.0169
0.0162
0.0106
0.0155
0.0076
0.0107
0.0018
0.0162
0.0142
0.0175
0.0127
0.0118
0.0077
0.017
0.0138
0.0152
0.0065
0.0139
0.0059
0.0117
0.0004
0.0146
0.0143
0.0157
0.0009
0.0171
0.0136
0.0152
0.0042
0.0187
0.0091
0.011
0.0044
0.012
0.0154
0.038
0.0167
0.019
0.0197
0.0081
0.0032
0.0107
0.0143
0.0178
0.0093
0.0055
0.0193
0.0034
0.0112
0.033
0.026
0.01
0.0034
0.0141
0.0038
0.0014
0.0039
0.0085
0.0137
0.0136
0.0096
0.0124
0.0085
0.0096
0.0132
0.0031
0.0152
0.0086
0.0131
0.0088
0.0049
0.0128
0.0135
0.0121
0.0021
0.0129
0.0149
0.0131
0.0107
0.0158
0.0077
0.0121
0.0187
0.0101
0.0102
0.0137
0.0081
0.005
0.0049
0.036
0.0074
0.0042
0.0065
0.0125
0.0137
0.0139
0.0115
0.0134
0.0049
0.0336
0.006
0.01
0.0022
0.0142
0.0096
0.0127
0.0037
0.0153
0.0145
0.0112
0.0195
0.0144
0.015
0.0147
0.0138
0.013
0.0151
0.0099
0.0116
0.0057
0.0089
0.0175
0.015
0.0156
0.011
0.005
0.0106
0.0031
0.0128
0.0041
0.0177
0.0051
0.006
0.0109
0.0139
0.0106
0.0153
0.015
0.0072
0.0124
0.0033
0.0133
0.0155
0.0122
0.0044
0.0164
0.0156
0.0143
0.0018
0.0117
0.0124
0.0172
0.0174
0.0014
0.0166
0.0153
0.0106
0.0006
0.0114
0.0116
0.0159
0.0187
0.0144
0.0032
0.0111
0.0049
0.0086
0.0098
0.0033
0.0082
0.0119
0.016
0.0169
0.0078
0.0111
0.0051
0.0098
0.0149
0.0108
0.0034
0.0075
0.0037
0.0015
0.0126
0.0042
0.0176
0.0125
0.0126
0.0065
0.0144
0.0132
0.0144
0.0134
0.004
0.0017
0.0038
0.0155
0.001
0.0134
0.0067
0.0135
0.0118
0.0006
0.0109
0.0005
0.0114
0.0135
0.0176
0.0115
0.017
0.0161
0.0049
0.0084
0.0094
0.0138
0.0183
0.0037
0.0088
0.0106
0.0157
0.0144
0.0133
0.0147
0.0129
0.0025
0.0198
0.0136
0.0066
0.0098
0.0106
0.0099
0.0106
0.0045
0.0048
0.005
0.0167
0.0017
0.0135
0.0047
0.0135
0.011
0.0094
0.0109
0.0217
0.0074
0.0169
0.0048
0.0039
0.0125
0.0117
0.0179
0.0156
0.0119
0.0037
0.0033
0.0106
0.0082
0.0078
0.0115
0.014
0.0075
0.0143
0.0114
0.0083
0.0119
0.0082
0.019
0.0148
0.0108
0.0023
0.0012
0.0127
0.0235
0.0083
0.0022
0.0095
0.0039
0.0025
0.0163
0.0135
0.013
0.014
0.0075
0.0162
0.0119
0.0086
0.0179
0.0046
0.0121
0.0164
0.0161
0.0087
0.0118
0.017
0.0166
0.0143
0.006
0.0044
0.0163
0.015
0.0166
0.007
0.0058
0.0162
0.0093
0.0055
0.0031
0.0032
0.0012
0.0165
0.0044
0.0035
0.0104
0.0174
0.0163
0.0159
0.0155
0.0163
0.0019
0.0116
0.0097
0.0163
0.0089
0.0156
0.0097
0.0055
0.0113
0.0118
0.0128
0.0208
0.0139
0.008
0.0131
0.0118
0.0044
0.002
0.0132
0.0113
0.0167
0.0123
0.0062
0.0163
0.0114
0.017
0.0175
0.0162
0.0142
0.0137
0.016
0.0025
0.0132
0.0086
0.0031
0.0139
0.0155
0.0108
0.0157
0.0147
0.0145
0.0043
0.013
0.0096
0.0125
0.0111
0.019
0.0191
0.0179
0.0173
0.0167
0.012
0.0117
0.0165
0.0128
0.0145
0.0055
0.0082
0.0099
0.0117
0.0022
0.015
0.0118
0.0119
0.0056
0.0102
0.0154
0.0128
0.0116
0.0168
0.0081
0.006
0.0137
0.0136
0.0116
0.0091
0.0042
0.0112
0.0025
0.012
0.0051
0.0019
0.0063
0.003
0.0068
0.0104
0.0091
0.0163
0.0037
0.0009
0.0116
0.0134
0.0099
0.0074
0.012
0.0174
0.013
0.0078
0.0129
0.0157
0.0061
0.0178
0.0119
0.0151
0.0136
0.0097
0.0138
0.011
0.0009
0.0069
0.0143
0.0079
0.0174
0.0009
0.0144
0.013
0.0035
0.0137
0.0085
0.0105
0.0118
0.0153
0.0174
0.0108
0.0145
0.0161
0.0136
0.0126
0.0079
0.0039
0.0122
0.0107
0.0132
0.0126
0.0119
0.0094
0.0138
0.0154
0.0119
0.0056
0.012
0.0132
0.0052
0.0155
0.0044
0.0095
0.0139
0.0007
0.0154
0.0124
0.0107
0.0149
0.0105
0.0005
0.0168
0.0101
0.0096
0.014
0.0127
0.0137
0.0167
0.012
0.0113
0.0195
0.0107
0.0093
0.0159
0.0118
0.0221
0.0104
0.0047
0.0081
0.0136
0.0017
0.0031
0.0104
0.0135
0.0122
0.0079
0.0182
0.0066
0.011
0.0164
0.0146
0.0102
0.0103
0.0115
0.0131
0.0152
0.0151
0.0135
0.0085
0.0161
0.0101
0.0157
0.0098
0.0099
0.0138
0.0153
0.005
0.0067
0.0098
0.0165
0.0074
0.0104
0.007
0.0158
0.0151
0.0112
0.0117
0.0031
0.0118
0.0053
0.0015
0.0167
0.0144
0.004
0.0097
0.0095
0.021
0.0168
0.0102
0.0118
0.0143
0.0138
0.0102
0.011
0.0111
0.0076
0.0129
0.0148
0.011
0.0143
0.012
0.0074
0.0064
0.0096
0.0069
0.0131
0.0132
0.0141
0.0129
0.0054
0.0103
0.0041
0.007
0.0062
0.0139
0.0113
0.0143
0.0139
0.007
0.0174
0.0157
0.0155
0.0089
0.0075
0.0132
0.0152
0.0103
0.003
0.0127
0.0092
0.0175
0.0139
0.0111
0.0116
0.0151
0.0104
0.0145
0.0112
0.0076
0.0106
0.0119
0.0069
0.0108
0.0123
0.0133
0.0157
0.0114
0.0106
0.0084
0.0164
0.0182
0.0096
0.0155
0.0075
0.0154
0.0129
0.0159
0.0087
0.013
0.0135
0.0151
0.0153
0.0088
0.0175
0.0011
0.0098
0.0179
0.0065
0.0113
0.0102
0.0151
0.0083
0.0026
0.0094
0.0112
0.0151
0.0116
0.0151
0.0132
0.0164
0.0161
0.0131
0.0045
0.0148
0.0072
0.0119
0.0137
0.0123
0.008
0.0072
0.0102
0.0136
0.0116
0.0169
0.0131
0.0144
0.0101
0.0123
0.0114
0.0127
0.0031
0.0102
0.0174
0.0164
0.013
0.0071
0.0146
0.0071
0.0096
0.0091
0.0171
0.014
0.0051
0.012
0.0134
0.0143
0.0105
0.0023
0.023
0.0136
0.0113
0.0008
0.0127
0.0153
0.0092
0.0129
0.0141
0.0037
0.0139
0.0154
0.0091
0.0077
0.0108
0.0143
0.0006
0.0103
0.0118
0.0172
0.0085
0.0135
0.0156
0.0135
0.0178
0.0077
0.008
0.0125
0.0188
0.0171
0.0119
0.0138
0.0157
0.009
0.0105
0.0139
0.0069
0.0077
0.017
0.0152
0.0143
0.0138
0.0123
0.0065
0.0069
0.011
0.0147
0.0094
0.0154
0.017
0.0034
0.0073
0.0168
0.015
0.01
0.0075
0.0115
0.0143
0.0162
0.0099
0.0147
0.0071
0.0088
0.0062
0.0203
0.0039
0.0064
0.0154
0.0081
0.0136
0.0099
0.005
0.0114
0.0165
0.0123
0.0111
0.0099
0.0057
0.0146
0.0141
0.0113
0.0115
0.0141
0.013
0.0107
0.0124
0.0143
0.0089
0.008
0.0149
0.0111
0.0103
0.0034
0.0139
0.0124
0.0134
0.0148
0.0073
0.0144
0.0173
0.014
0.0118
0.0146
0.0176
0.0146
0.0144
0.003
0.0169
0.0028
0.0149
0.0187
0.0138
0.013
0.0131
0.0136
0.0142
0.0159
0.0126
0.0113
0.0106
0.0149
0.0136
0.0109
0.0149
0.0124
0.0129
0.0133
0.0043
0.007
0.0127
0.0128
0.0137
0.0079
0.0133
0.0192
0.0097
0.0063
0.015
0.0121
0.0121
0.0126
0.0167
0.0126
0.0039
0.009
0.0147
0.0121
0.0135
0.002
0.0105
0.0154
0.0175
0.0151
0.016
0.0084
0.0064
0.014
0.0132
0.0115
0.0109
0.0087
0.0104
0.0148
0.0121
0.0141
0.012
0.0108
0.011
0.0145
0.0064
0.0128
0.011
0.0125
0.0148
0.0023
0.0131
0.0038
0.0135
0.0156
0.0085
0.016
0.0016
0.0106
0.0132
0.0093
0.0072
0.0135
0.0082
0.0111
0.0113
0.0111
0.014
0.0085
0.0134
0.0105
0.0022
0.0115
0.0103
0.0134
0.0137
0.0098
0.0135
0.0153
0.0107
0.013
0.0118
0.0007
0.0041
0.0138
0.0119
0.0077
0.0157
0.008
0.0123
0.0153
0.0097
0.0204
0.0076
0.0135
0.0109
0.0091
0.0101
0.0075
0.0157
0.0022
0.0076
0.0106
0.0153
0.0111
0.012
0.0101
0.0156
0.0083
0.0133
0.0037
0.0095
0.0141
0.0055
0.0081
0.0115
0.0088
0.0092
0.0082
0.0104
0.0106
0.0072
0.0044
0.0138
0.0112
0.0145
0.0036
0.0125
0.0167
0.0119
0.0096
0.0159
0.0103
0.0115
0.0127
0.0143
0.0071
0.02
0.0127
0.0071
0.0043
0.0135
0.0115
0.0123
0.0084
0.009
0.0138
0.0077
0.0132
0.0084
0.0158
0.0143
0.0126
0.0109
0.0138
0.0051
0.0045
0.0056
0.012
0.0091
0.0062
0.0122
0.0085
0.0101
0.0142
0.0141
0.0155
0.009
0.0129
0.0135
0.0161
0.0116
0.0116
0.014
0.0054
0.011
0.0083
0.0138
0.0134
0.017
0.0114
0.008
0.0115
0.014
0.0142
0.0166
0.0111
0.0085
0.0157
0.0075
0.0115
0.012
0.0118
0.0079
0.0148
0.0147
0.0195
0.0106
0.0091
0.0091
0.0125
0.0094
0.0118
0.0089
0.0084
0.0076
0.0093
0.05
0.0104
0.0081
0.0086
0.0111
0.0087
0.0079
0.0105
0.0113
0.0071
0.0097
0.0052
0.0162
0.0137
0.0151
0.0017
0.0069
0.0131
0.0062
0.0061
0.0037
0.0137
0.0095
0.0097
0.0137
0.0091
0.0135
0.0083
0.0017
0.0185
0.0163
0.0147
0.0146
0.0057
0.0097
0.012
0.0158
0.0096
0.0125
0.008
0.0114
0.0138
0.013
0.0092
0.004
0.0072
0.0135
0.0129
0.0111
0.0144
0.0166
0.0041
0.0076
0.0064
0.0112
0.0139
0.0132
0.0074
0.0163
0.0055
0.0053
0.0174
0.0037
0.0101
0.0159
0.0109
0.0059
0.0103
0.0127
0.0126
0.013
0.0103
0.007
0.0133
0.0121
0.0111
0.0118
0.0096
0.0178
0.009
0.0076
0.0107
0.0165
0.0144
0.01
0.0077
0.0134
0.0083
0.0026
0.0045
0.0067
0.0059
0.007
0.0034
0.0043
0.0134
0.0035
0.0078
0.0038
0.0022
0.0102
0.0082
0.0102
0.0073
0.0108
0.0096
0.0113
0.0075
0.0122
0.0097
0.014
0.0057
0.0088
0.0113
0.0074
0.0099
0.0049
0.0101
0.0119
0.0076
0.0095
0.0142
0.0044
0.0123
0.0016
0.0131
0.0099
0.0158
0.0148
0.0129
0.0102
0.0126
0.0153
0.0155
0.012
0.012
0.0082
0.0125
0.0108
0.0077
0.0146
0.0099
0.0132
0.0108
0.0145
0.0151
0.0069
0.0106
0.0079
0.0071
0.0092
0.0091
0.0034
0.01
0.0123
0.0095
0.0111
0.013
0.0093
0.0056
0.0127
0.0085
0.0175
0.0135
0.0115
0.0108
0.0142
0.0145
0.0148
0.0124
0.0094
0.0179
0.0126
0.012
0.013
0.016
0.0075
0.0162
0.0051
0.0041
0.0077
0.0178
0.0029
0.013
0.0063
0.01
0.0082
0.0124
0.0152
0.0052
0.0026
0.0015
0.0023
0.0139
0.0032
0.0138
0.0151
0.01
0.0086
0.0058
0.0088
0.012
0.0163
0.0031
0.0045
0.008
0.0046
0.0074
0.0081
0.0109
0.0022
0.013
0.0165
0.0124
0.0084
0.0163
0.0113
0.0113
0.0126
0.0145
0.0084
0.0067
0.0137
0.0119
0.0123
0.0132
0.0105
0.0167
0.0072
0.0156
0.0143
0.0071
0.0107
0.0112
0.0088
0.0084
0.0053
0.0016
0.0112
0.0139
0.0096
0.0032
0.007
0.0101
0.0117
0.0159
0.0114
0.0109
0.0125
0.0111
0.0051
0.0133
0.012
0.0067
0.0116
0.0142
0.0116
0.0067
0.0045
0.0142
0.0114
0.0094
0.0136
0.0083
0.0073
0.0101
0.0136
0.0128
0.0122
0.0116
0.011
0.0158
0.0017
0.0104
0.0099
0.0055
0.0095
0.0104
0.0082
0.0138
0.0119
0.0153
0.0127
0.0042
0.0135
0.0129
0.0106
0.0102
0.0063
0.0102
0.0095
0.0064
0.0124
0.0136
0.0143
0.0188
0.0143
0.0108
0.0116
0.0027
0.011
0.0165
0.0088
0.0096
0.0066
0.0115
0.0052
0.0157
0.0109
0.0135
0.0128
0.0123
0.015
0.0166
0.0106
0.015
0.0094
0.0151
0.0137
0.012
0.0168
0.0107
0.0117
0.0104
0.0052
0.0137
0.0055
0.0088
0.0122
0.0067
0.0115
0.009
0.0136
0.0108
0.0118
0.0158
0.0106
0.0085
0.0124
0.0068
0.0098
0.0136
0.0138
0.011
0.0119
0.0133
0.0157
0.0076
0.0127
0.0089
0.0082
0.0066
0.0077
0.0127
0.0058
0.0047
0.0061
0.0122
0.0137
0.0049
0.0127
0.0146
0.0038
0.0142
0.012
0.0084
0.0085
0.0043
0.0133
0.0084
0.0075
0.0115
0.0149
0.0154
0.0144
0.0074
0.0088
0.0112
0.0123
0.0048
0.0089
0.0116
0.0171
0.0111
0.0107
0.018
0.015
0.0086
0.0133
0.0076
0.0079
0.0099
0.0078
0.0092
0.0073
0.015
0.0102
0.0086
0.0158
0.015
0.0124
0.0139
0.0162
0.0152
0.0111
0.008
0.0087
0.0141
0.0105
0.0113
0.011
0.0147
0.0108
0.015
0.0139
0.0097
0.0136
0.0117
0.0135
0.0149
0.0134
0.0141
0.0157
0.0086
0.012
0.0079
0.0099
0.0078
0.0128
0.0109
0.0104
0.007
0.0112
0.0115
0.0109
0.0014
0.0138
0.0115
0.0072
0.0112
0.0127
0.0095
0.0059
0.0123
0.0065
0.0159
0.0054
0.0068
0.0088
0.0093
0.0121
0.0102
0.0145
0.009
0.0084
0.0139
0.0127
0.0155
0.0077
0.0103
0.0119
0.0119
0.0095
0.0078
0.004
0.0124
0.014
0.0173
0.0146
0.0135
0.0077
0.008
0.0111
0.0107
0.011
0.0185
0.0132
0.0113
0.0121
0.0065
0.0024
0.0121
0.0126
0.0083
0.0056
0.0137
0.007
0.0081
0.0134
0.0107
0.0171
0.0123
0.0108
0.0069
0.015
0.0092
0.0087
0.0078
0.0133
0.016
0.0106
0.0105
0.0062
0.0138
0.0129
0.0098
0.0136
0.008
0.0113
0.0151
0.0122
0.0124
0.0155
0.0158
0.0093
0.0076
0.0105
0.0034
0.0125
0.003
0.0119
0.0119
0.0085
0.0094
0.0136
0.0116
0.0052
0.0172
0.0092
0.0161
0.01
0.0079
0.0138
0.0085
0.0089
0.0159
0.0099
0.0142
0.004
0.0105
0.0119
0.0141
0.0098
0.0111
0.0105
0.0063
0.0073
0.0115
0.0075
0.0086
0.019
0.0123
0.0079
0.011
0.0158
0.0131
0.0083
0.0117
0.0095
0.0124
0.0103
0.01
0.0086
0.0082
0.0168
0.0069
0.0141
0.011
0.0113
0.0057
0.0143
0.0144
0.0073
0.0145
0.013
0.0139
0.0067
0.0065
0.0123
0.0099
0.0147
0.0091
0.0118
0.0076
0.0066
0.0091
0.0147
0.0109
0.0146
0.0124
0.0083
0.0088
0.0148
0.0111
0.0099
0.0086
0.0117
0.0093
0.0184
0.0134
0.006
0.0166
0.0097
0.0134
0.0109
0.0071
0.006
0.0075
0.0138
0.0088
0.0094
0.0136
0.0091
0.0103
0.014
0.0138
0.0083
0.0088
0.0079
0.0043
0.01
0.0102
0.0119
0.0044
0.0081
0.0112
0.0115
0.012
0.0084
0.0074
0.0138
0.0104
0.0096
0.0119
0.0118
0.0085
0.0094
0.0176
0.0053
0.0164
0.009
0.0074
0.0098
0.0144
0.0129
0.0125
0.009
0.0074
0.0118
0.0109
0.0126
0.0128
0.0065
0.0061
0.0064
0.0098
0.0149
0.0106
0.0169
0.005
0.0103
0.0073
0.008
0.0058
0.0099
0.0103
0.0069
0.0129
0.0136
0.0087
0.0144
0.0127
0.0092
0.0114
0.0083
0.0102
0.0128
0.0073
0.0088
0.0116
0.0055
0.0078
0.0081
0.0047
0.008
0.0151
0.0083
0.0145
0.0101
0.0128
0.0062
0.0097
0.0144
0.011
0.0086
0.0092
0.0105
0.0102
0.0044
0.02
0.0152
0.0103
0.0066
0.0176
0.0071
0.0046
0.0081
0.0109
0.0108
0.0113
0.0066
0.0111
0.035
0.0124
0.0095
0.005
0.016
0.0145
0.02
0.0069
